0.207956
0.658842
0.899077
0.362950
0.924869
0.277946
0.802767
0.633328
0.928895
0.264197
0.777588
0.691780
0.852882
0.501898
0.999986
0.000058
0.000231
0.000922
0.003685
0.014685
0.057877
0.218110
0.682153
0.867281
0.460419
0.993733
0.024910
0.097157
0.350872
0.911043
0.324175
0.876343
0.433465
0.982292
0.069577
0.258944
0.767567
0.713631
0.817447
0.596910
0.962434
0.144618
0.494816
0.999892
0.000430
0.001719
0.006865
0.027270
0.106104
0.379384
0.941807
0.219225
0.684661
0.863601
0.471178
0.996677
0.013247
0.052287
0.198213
0.635698
0.926344
0.272924
0.793745
0.654855
0.904080
0.346878
0.906214
0.339960
0.897549
0.367821
0.930114
0.260006
0.769612
0.709237
0.824879
0.577814
0.975780
0.094533
0.342385
0.900630
0.357981
0.919323
0.296675
0.834635
0.552078
0.989152
0.042922
0.164320
0.549276
0.990287
0.038473
0.147973
0.504307
0.999926
0.000297
0.001187
0.004741
0.018875
0.074073
0.274345
0.796320
0.648779
0.911459
0.322805
0.874408
0.439275
0.985250
0.058130
0.219003
0.684163
0.864336
0.469037
0.996165
0.015280
0.060186
0.226256
0.700257
0.839589
0.538717
0.994004
0.023840
0.093088
0.337692
0.894625
0.377086
0.939568
0.227119
0.702144
0.836552
0.546932
0.991190
0.034931
0.134842
0.466639
0.995548
0.017728
0.069655
0.259213
0.768086
0.712519
0.819342
0.592082
0.966084
0.131063
0.455543
0.992094
0.031373
0.121556
0.427120
0.978754
0.083178
0.305038
0.847959
0.515698
0.999014
0.003939
0.015694
0.061793
0.231897
0.712483
0.819404
0.591923
0.966200
0.130629
0.454261
0.991632
0.033193
0.128366
0.447553
0.988997
0.043526
0.166526
0.555182
0.987820
0.048127
0.183242
0.598658
0.961066
0.149671
0.509079
0.999670
0.001318
0.005267
0.020957
0.082070
0.301338
0.842134
0.531778
0.995961
0.016092
0.063334
0.237290
0.723935
0.799413
0.641408
0.920015
0.294348
0.830829
0.562208
0.984521
0.060959
0.228973
0.706178
0.829962
0.564499
0.983359
0.065455
0.244681
0.739249
0.771039
0.706151
0.830007
0.564383
0.983419
0.065223
0.243874
0.737599
0.774187
0.699285
0.841142
0.534488
0.995242
0.018940
0.074326
0.275208
0.797874
0.645085
0.915801
0.308437
0.853214
0.500960
0.999996
0.000015
0.000059
0.000236
0.000943
0.003768
0.015014
0.059154
0.222621
0.692243
0.852171
0.503902
0.999939
0.000244
0.000974
0.003892
0.015508
0.061072
0.229369
0.707035
0.828547
0.568228
0.981380
0.073094
0.271006
0.790247
0.663026
0.893690
0.380032
0.942431
0.217019
0.679686
0.870851
0.449877
0.989951
0.039793
0.152837
0.517912
0.998717
0.005127
0.020401
0.079941
0.294200
0.830586
0.562852
0.984199
0.062207
0.233349
0.715590
0.814084
0.605405
0.955559
0.169864
0.564040
0.983595
0.064542
0.241504
0.732719
0.783367
0.678813
0.872103
0.446156
0.988403
0.045849
0.174986
0.577465
0.975997
0.093708
0.339706
0.897223
0.368856
0.931205
0.256250
0.762344
0.724701
0.798037
0.644696
0.916252
0.306936
0.850905
0.507464
0.999777
0.000891
0.003562
0.014196
0.055977
0.211373
0.666779
0.888739
0.395527
0.956341
0.167010
0.556471
0.987244
0.050373
0.191342
0.618922
0.943430
0.213478
0.671621
0.882184
0.415741
0.971601
0.110368
0.392748
0.953988
0.175578
0.579001
0.975035
0.097366
0.351544
0.911843
0.321540
0.872608
0.444653
0.987747
0.048412
0.184273
0.601267
0.958980
0.157350
0.530363
0.996312
0.014696
0.057920
0.218260
0.682491
0.866788
0.461867
0.994183
0.023131
0.090384
0.328858
0.882841
0.413731
0.970231
0.115533
0.408740
0.966686
0.128816
0.448891
0.989551
0.041358
0.158589
0.533754
0.995443
0.018146
0.071269
0.264757
0.778643
0.689432
0.856463
0.491737
0.999727
0.001092
0.004364
0.017379
0.068307
0.254564
0.759045
0.731582
0.785479
0.674007
0.878886
0.425782
0.977967
0.086190
0.315046
0.863169
0.472434
0.996961
0.012121
0.047896
0.182407
0.596540
0.962720
0.143560
0.491802
0.999731
0.001075
0.004295
0.017108
0.067261
0.250946
0.751889
0.746208
0.757526
0.734721
0.779625
0.687240
0.859765
0.482277
0.998744
0.005019
0.019976
0.078308
0.288705
0.821417
0.586764
0.969888
0.116822
0.412698
0.969514
0.118227
0.416998
0.972443
0.107191
0.382803
0.945060
0.207688
0.658214
0.899873
0.360406
0.922054
0.287483
0.819346
0.592074
0.966090
0.131041
0.455477
0.992071
0.031465
0.121902
0.428167
0.979360
0.080857
0.297275
0.835611
0.549462
0.990214
0.038760
0.149031
0.507284
0.999788
0.000849
0.003392
0.013523
0.053362
0.202058
0.644923
0.915989
0.307811
0.852254
0.503669
0.999946
0.000215
0.000861
0.003442
0.013720
0.054129
0.204795
0.651416
0.908293
0.333187
0.888693
0.395671
0.956462
0.166571
0.555301
0.987767
0.048332
0.183985
0.600538
0.959568
0.155188
0.524418
0.997615
0.009517
0.037706
0.145137
0.496289
0.999945
0.000220
0.000881
0.003521
0.014033
0.055344
0.209124
0.661565
0.895587
0.374042
0.936539
0.237736
0.724870
0.797733
0.645419
0.915413
0.309729
0.855187
0.495368
0.999914
0.000343
0.001373
0.005483
0.021812
0.085343
0.312239
0.858983
0.484525
0.999042
0.003828
0.015254
0.060085
0.225898
0.699473
0.840843
0.535305
0.995014
0.019844
0.077801
0.286991
0.818509
0.594208
0.964500
0.136960
0.472808
0.997042
0.011796
0.046626
0.177809
0.584771
0.971255
0.111673
0.396810
0.957407
0.163115
0.546033
0.991524
0.033617
0.129948
0.452245
0.990878
0.036156
0.139395
0.479856
0.998377
0.006482
0.025760
0.100387
0.361239
0.922982
0.284346
0.813973
0.605684
0.955324
0.170721
0.566300
0.982417
0.069095
0.257284
0.764355
0.720466
0.805579
0.626486
0.936005
0.239597
0.728762
0.790672
0.662040
0.894972
0.375988
0.938484
0.230926
0.710396
0.822934
0.582855
0.972540
0.106824
0.381651
0.943974
0.211548
0.667181
0.888202
0.397198
0.957727
0.161944
0.542872
0.992648
0.029192
0.113359
0.402035
0.961612
0.147659
0.503423
0.999953
0.000188
0.000750
0.002997
0.011953
0.047240
0.180035
0.590489
0.967247
0.126720
0.442649
0.986843
0.051934
0.196949
0.632640
0.929626
0.261686
0.772825
0.702265
0.836355
0.547460
0.990990
0.035715
0.137757
0.475120
0.997524
0.009880
0.039129
0.150392
0.511098
0.999507
0.001970
0.007863
0.031205
0.120925
0.425209
0.977625
0.087497
0.319365
0.869483
0.453928
0.991510
0.033673
0.130158
0.452868
0.991114
0.035227
0.135944
0.469853
0.996365
0.014489
0.057115
0.215410
0.676035
0.876046
0.434356
0.982764
0.067757
0.252666
0.755303
0.739282
0.770976
0.706287
0.829782
0.564975
0.983113
0.066407
0.247989
0.745961
0.758013
0.733718
0.781504
0.683022
0.866011
0.464143
0.994857
0.020466
0.080187
0.295028
0.831946
0.559247
0.985959
0.055375
0.209236
0.661825
0.895250
0.375110
0.937609
0.233992
0.716959
0.811716
0.611333
0.950420
0.188487
0.611838
0.949969
0.190111
0.615875
0.946292
0.203296
0.647866
0.912543
0.319234
0.869295
0.454485
0.991714
0.032871
0.127162
0.443968
0.987442
0.049603
0.188571
0.612047
0.949782
0.190785
0.617543
0.944734
0.208846
0.660916
0.896424
0.371393
0.933841
0.247128
0.744223
0.761420
0.726639
0.794539
0.652987
0.906380
0.339422
0.896859
0.370011
0.932411
0.252082
0.754146
0.741638
0.766444
0.716031
0.813322
0.607316
0.953933
0.175779
0.579524
0.974704
0.098625
0.355594
0.916588
0.305819
0.849176
0.512306
0.999394
0.002421
0.009662
0.038275
0.147241
0.502244
0.999980
0.000081
0.000322
0.001289
0.005150
0.020492
0.080289
0.295369
0.832505
0.557761
0.986655
0.052668
0.199577
0.638984
0.922733
0.285186
0.815419
0.602043
0.958349
0.159664
0.536685
0.994617
0.021417
0.083833
0.307221
0.851345
0.506227
0.999845
0.000620
0.002480
0.009894
0.039186
0.150602
0.511683
0.999454
0.002183
0.008712
0.034545
0.133407
0.462439
0.994357
0.022446
0.087767
0.320256
0.870769
0.450122
0.990049
0.039410
0.151426
0.513985
0.999218
0.003127
0.012469
0.049253
0.187308
0.608895
0.952567
0.180732
0.592271
0.965944
0.131583
0.457075
0.992630
0.029263
0.113627
0.402864
0.962259
0.145268
0.496661
0.999955
0.000178
0.000713
0.002852
0.011375
0.044982
0.171834
0.569229
0.980830
0.075211
0.278218
0.803252
0.632153
0.930142
0.259912
0.769431
0.709628
0.824225
0.579513
0.974711
0.098599
0.355508
0.916488
0.306150
0.849688
0.510872
0.999527
0.001890
0.007547
0.029959
0.116247
0.410934
0.968269
0.122898
0.431176
0.981053
0.074353
0.275297
0.798035
0.644702
0.916246
0.306958
0.850938
0.507369
0.999783
0.000869
0.003472
0.013838
0.054585
0.206424
0.655251
0.903588
0.348467
0.908151
0.333651
0.889313
0.393742
0.954837
0.172492
0.570954
0.979862
0.078929
0.290796
0.824935
0.577670
0.975870
0.094192
0.341280
0.899232
0.362455
0.924325
0.279792
0.806033
0.625375
0.937125
0.235688
0.720557
0.805419
0.626877
0.935608
0.240981
0.731637
0.785377
0.674239
0.878563
0.426760
0.978544
0.083983
0.307721
0.852115
0.504059
0.999934
0.000264
0.001054
0.004213
0.016780
0.065993
0.246552
0.743056
0.763696
0.721858
0.803117
0.632480
0.929796
0.261102
0.771712
0.704691
0.832407
0.558023
0.986534
0.053140
0.201266
0.643033
0.918167
0.300546
0.840873
0.535222
0.995038
0.019751
0.077444
0.285786
0.816449
0.599440
0.960447
0.151955
0.515459
0.999044
0.003820
0.015222
0.059961
0.225461
0.698514
0.842369
0.531133
0.996123
0.015448
0.060837
0.228542
0.705242
0.831502
0.560425
0.985395
0.057565
0.217006
0.679656
0.870894
0.449750
0.989900
0.039993
0.153575
0.519958
0.998407
0.006363
0.025290
0.098600
0.355513
0.916494
0.306130
0.849658
0.510957
0.999520
0.001920
0.007665
0.030427
0.118004
0.416317
0.971989
0.108906
0.388182
0.949987
0.190048
0.615719
0.946437
0.202777
0.646634
0.913994
0.314435
0.862262
0.475064
0.997513
0.009924
0.039303
0.151033
0.512889
0.999336
0.002656
0.010596
0.041935
0.160707
0.539520
0.993753
0.024833
0.096867
0.349934
0.909921
0.327858
0.881469
0.417926
0.973055
0.104875
0.375504
0.938003
0.232614
0.714020
0.816782
0.598596
0.961116
0.149489
0.508569
0.999706
0.001175
0.004693
0.018684
0.073340
0.271844
0.791779
0.659460
0.898290
0.365462
0.927598
0.268640
0.785891
0.673065
0.880194
0.421811
0.975546
0.095424
0.345271
0.904236
0.346372
0.905594
0.341974
0.900112
0.359643
0.921199
0.290364
0.824212
0.579547
0.974689
0.098682
0.355776
0.916797
0.305120
0.848086
0.515344
0.999058
0.003763
0.014996
0.059086
0.222378
0.691704
0.852998
0.501571
0.999990
0.000039
0.000158
0.000632
0.002525
0.010073
0.039885
0.153176
0.518853
0.998578
0.005679
0.022585
0.088301
0.322016
0.873287
0.442628
0.986834
0.051972
0.197082
0.632964
0.929283
0.262865
0.775068
0.697350
0.844212
0.526073
0.997281
0.010847
0.042917
0.164302
0.549227
0.990307
0.038396
0.147688
0.503506
0.999951
0.000197
0.000786
0.003143
0.012534
0.049508
0.188227
0.611191
0.950547
0.188031
0.610702
0.950980
0.186468
0.606791
0.954383
0.174145
0.575273
0.977336
0.088602
0.323008
0.874695
0.438413
0.984828
0.059766
0.224777
0.697009
0.844750
0.524590
0.997581
0.009651
0.038233
0.147083
0.501799
0.999987
0.000052
0.000207
0.000828
0.003310
0.013196
0.052087
0.197496
0.633966
0.928213
0.266536
0.781978
0.681953
0.867573
0.459561
0.993459
0.025994
0.101272
0.364063
0.926084
0.273808
0.795349
0.651076
0.908704
0.331844
0.886894
0.401251
0.960995
0.149935
0.509818
0.999614
0.001542
0.006157
0.024477
0.095513
0.345562
0.904596
0.345210
0.904160
0.346620
0.905898
0.340987
0.898860
0.363644
0.925628
0.275364
0.798155
0.644414
0.916578
0.305851
0.849225
0.512167
0.999408
0.002367
0.009446
0.037427
0.144105
0.493356
0.999823
0.000706
0.002822
0.011258
0.044524
0.170167
0.564841
0.983183
0.066139
0.247057
0.744079
0.761702
0.726049
0.795608
0.650464
0.909442
0.329428
0.883621
0.411341
0.968558
0.121812
0.427897
0.979204
0.081452
0.299271
0.838832
0.540773
0.993350
0.026422
0.102894
0.369228
0.931595
0.254903
0.759710
0.730202
0.788028
0.668159
0.886891
0.401262
0.961004
0.149903
0.509728
0.999621
0.001513
0.006045
0.024033
0.093820
0.340072
0.897692
0.367365
0.929632
0.261666
0.772788
0.702346
0.836225
0.547812
0.990856
0.036241
0.139712
0.480770
0.998521
0.005908
0.023492
0.091762
0.333368
0.888935
0.394918
0.955831
0.168871
0.561414
0.984913
0.059437
0.223616
0.694448
0.848760
0.513467
0.999275
0.002900
0.011565
0.045725
0.174538
0.576298
0.976714
0.090973
0.330788
0.885469
0.405653
0.964395
0.137350
0.473941
0.997284
0.010836
0.042873
0.164138
0.548787
0.990479
0.037720
0.145189
0.496437
0.999949
0.000203
0.000812
0.003246
0.012941
0.051094
0.193932
0.625289
0.937211
0.235388
0.719922
0.806538
0.624138
0.938359
0.231365
0.711340
0.821342
0.586958
0.969753
0.117327
0.414246
0.970585
0.114199
0.404630
0.963618
0.140233
0.482271
0.998743
0.005023
0.019990
0.078363
0.288889
0.821729
0.585962
0.970442
0.114736
0.406286
0.964871
0.135582
0.468797
0.996105
0.015517
0.061106
0.229490
0.707297
0.828112
0.569369
0.980752
0.075511
0.279235
0.805052
0.627773
0.934696
0.244157
0.738177
0.773088
0.701692
0.837281
0.544967
0.991912
0.032091
0.124246
0.435235
0.983222
0.065986
0.246527
0.743007
0.763791
0.721657
0.803473
0.631617
0.930708
0.257964
0.765673
0.717670
0.810478
0.614413
0.947639
0.198477
0.636336
0.925650
0.275289
0.798020
0.644736
0.916205
0.307092
0.851146
0.506786
0.999816
0.000737
0.002945
0.011744
0.046424
0.177074
0.582876
0.972527
0.106875
0.381810
0.944125
0.211014
0.665947
0.889846
0.392081
0.953414
0.177664
0.584397
0.971509
0.110719
0.393841
0.954921
0.172188
0.570156
0.980312
0.077200
0.284962
0.815034
0.603014
0.957553
0.162582
0.544596
0.992045
0.031568
0.122287
0.429331
0.980023
0.078310
0.288712
0.821429
0.586734
0.969909
0.116743
0.412456
0.969344
0.118863
0.418939
0.973716
0.102372
0.367568
0.929847
0.260926
0.771374
0.705426
0.831201
0.561223
0.985007
0.059073
0.222332
0.691603
0.853153
0.501131
0.999995
0.000020
0.000082
0.000328
0.001310
0.005234
0.020825
0.081567
0.299655
0.839447
0.539102
0.993884
0.024314
0.094890
0.343544
0.902086
0.353307
0.913925
0.314664
0.862602
0.474079
0.997312
0.010721
0.042426
0.162503
0.544384
0.992120
0.031271
0.121171
0.425955
0.978069
0.085800
0.313753
0.861248
0.477999
0.998064
0.007730
0.030680
0.118954
0.419216
0.973896
0.101692
0.365402
0.927534
0.268860
0.786297
0.672137
0.881475
0.417906
0.973043
0.104923
0.375656
0.938154
0.232084
0.712884
0.818722
0.593665
0.964908
0.135443
0.468394
0.996004
0.015919
0.062663
0.234947
0.718987
0.808179
0.620103
0.942301
0.217480
0.680729
0.869348
0.454328
0.991656
0.033096
0.128003
0.446472
0.988539
0.045319
0.173061
0.572445
0.979007
0.082209
0.301803
0.842871
0.529758
0.996458
0.014118
0.055675
0.210301
0.664297
0.892026
0.385262
0.947341
0.199544
0.638906
0.922821
0.284890
0.814911
0.603323
0.957297
0.163517
0.547118
0.991120
0.035206
0.135865
0.469622
0.996309
0.014710
0.057975
0.218457
0.682934
0.866140
0.463765
0.994748
0.020898
0.081844
0.300582
0.840929
0.535069
0.995081
0.019580
0.076788
0.283566
0.812626
0.609060
0.952424
0.181251
0.593597
0.964958
0.135255
0.467843
0.995864
0.016476
0.064820
0.242472
0.734717
0.779632
0.687224
0.859788
0.482210
0.998734
0.005057
0.020126
0.078886
0.290651
0.824692
0.578301
0.975476
0.095691
0.346138
0.905306
0.342908
0.901289
0.355870
0.916906
0.304758
0.847523
0.516912
0.998856
0.004571
0.018200
0.071476
0.265470
0.779983
0.686439
0.860963
0.478824
0.998206
0.007162
0.028442
0.110533
0.393262
0.954428
0.173980
0.574845
0.977593
0.087620
0.319772
0.870071
0.452191
0.990857
0.036238
0.139698
0.480728
0.998514
0.005933
0.023593
0.092145
0.334618
0.890595
0.389743
0.951374
0.185047
0.603217
0.957385
0.163197
0.546254
0.991442
0.033938
0.131144
0.455781
0.992179
0.031040
0.120307
0.423331
0.976488
0.091838
0.333615
0.889264
0.393895
0.954967
0.172019
0.569714
0.980560
0.076250
0.281742
0.809454
0.616952
0.945289
0.206872
0.656305
0.902276
0.352698
0.913208
0.317037
0.866098
0.463889
0.994784
0.020755
0.081297
0.298750
0.837993
0.543042
0.992590
0.029422
0.114225
0.404710
0.963679
0.140006
0.481618
0.998648
0.005399
0.021480
0.084073
0.308019
0.852573
0.502770
0.999969
0.000123
0.000491
0.001964
0.007839
0.031110
0.120568
0.424124
0.976972
0.089992
0.327575
0.881079
0.419116
0.973831
0.101936
0.366181
0.928370
0.265995
0.780967
0.684229
0.864238
0.469322
0.996235
0.015002
0.059106
0.222451
0.691865
0.852751
0.502268
0.999979
0.000082
0.000329
0.001316
0.005258
0.020920
0.081930
0.300871
0.841391
0.533810
0.995428
0.018206
0.071498
0.265545
0.780122
0.686126
0.861429
0.477476
0.997971
0.008101
0.032141
0.124431
0.435791
0.983509
0.064877
0.242671
0.735126
0.778862
0.688944
0.857201
0.489629
0.999570
0.001720
0.006869
0.027288
0.106175
0.379607
0.942022
0.218467
0.682956
0.866109
0.463858
0.994775
0.020791
0.081434
0.299212
0.838736
0.541032
0.993266
0.026756
0.104161
0.373247
0.935734
0.240542
0.730727
0.787060
0.670386
0.883874
0.410562
0.968004
0.123891
0.434167
0.982664
0.068142
0.253994
0.757924
0.733901
0.781160
0.683795
0.864877
0.467459
0.995764
0.016871
0.066347
0.247780
0.745540
0.758841
0.732006
0.784693
0.675799
0.876378
0.433358
0.982235
0.069797
0.259701
0.769026
0.710500
0.822759
0.583307
0.972240
0.107959
0.385214
0.947297
0.199701
0.639283
0.922402
0.286308
0.817343
0.597175
0.962228
0.145381
0.496980
0.999964
0.000146
0.000583
0.002333
0.009309
0.036888
0.142110
0.487660
0.999391
0.002435
0.009716
0.038486
0.148020
0.504440
0.999921
0.000315
0.001261
0.005037
0.020048
0.078583
0.289629
0.822977
0.582744
0.972614
0.106544
0.380770
0.943137
0.214518
0.673999
0.878897
0.425748
0.977946
0.086269
0.315306
0.863552
0.471318
0.996709
0.013119
0.051787
0.196420
0.631356
0.930983
0.257015
0.763834
0.721566
0.803634
0.631227
0.931118
0.256548
0.762924
0.723483
0.800221
0.639469
0.922194
0.287009
0.818539
0.594132
0.964556
0.136750
0.472197
0.996908
0.012330
0.048712
0.185357
0.603998
0.956738
0.165563
0.552608
0.988930
0.043791
0.167494
0.557759
0.986656
0.052665
0.199566
0.638958
0.922763
0.285087
0.815249
0.602472
0.957998
0.160951
0.540183
0.993541
0.025668
0.100035
0.360113
0.921726
0.288589
0.821221
0.587267
0.969538
0.118138
0.416725
0.972261
0.107878
0.384961
0.947064
0.200536
0.641286
0.920153
0.293885
0.830067
0.564224
0.983501
0.064907
0.242776
0.735344
0.778453
0.689855
0.855821
0.493566
0.999834
0.000662
0.002647
0.010560
0.041794
0.160189
0.538114
0.994189
0.023108
0.090295
0.328566
0.882441
0.414955
0.971070
0.112373
0.398982
0.959182
0.156609
0.528331
0.996789
0.012801
0.050548
0.191971
0.620474
0.941944
0.218741
0.683573
0.865204
0.466505
0.995512
0.017870
0.070204
0.261102
0.771711
0.704693
0.832403
0.558034
0.986528
0.053160
0.201338
0.643203
0.917972
